              precision    recall  f1-score   support

       ar_eg       1.00      0.14      0.25       428
       bn_in       0.29      0.91      0.44       920
 cmn_hans_cn       0.40      0.97      0.57       945
       da_dk       0.51      0.04      0.07       930
       de_de       0.47      0.66      0.55       862
       el_gr       0.18      0.52      0.26       650
       en_us       0.94      0.88      0.91       647
      es_419       0.25      0.18      0.21       908
       fa_ir       0.44      0.19      0.26       871
       fi_fi       0.95      0.43      0.59       918
       fr_fr       0.64      0.96      0.77       676
       hi_in       0.00      0.00      0.00       418
       hu_hu       0.58      0.54      0.56       905
       id_id       1.00      0.13      0.22       687
       it_it       0.55      0.71      0.62       865
       ja_jp       1.00      0.18      0.31       650
       nl_nl       0.48      0.48      0.48       364
       pl_pl       0.75      0.52      0.61       758
       pt_br       0.93      0.75      0.83       919
       ro_ro       0.52      0.39      0.45       883
       ru_ru       1.00      0.00      0.01       775
       sv_se       0.91      0.15      0.25       759
       ta_in       0.72      0.80      0.76       591
       tr_tr       0.95      0.59      0.72       743
       uk_ua       0.29      0.62      0.39       750

    accuracy                           0.48     18822
   macro avg       0.63      0.47      0.44     18822
weighted avg       0.63      0.48      0.45     18822
